Partcipant ID, Activity ID, Count, Min, Max, Std. Deviation, Average, Mean, Median
1,1,95,-0.37491204,-0.11319624,0.06170279037549256,-0.2600279022105263,-0.2600279022105263,-0.26290057
1,2,53,-0.11489283,0.083795658,0.04955905773962147,-0.01947923884716981,-0.01947923884716981,-0.017909026
1,3,49,-0.39955531,0.049997153,0.083584593960814,-0.23043421320408158,-0.23043421320408158,-0.23035782
1,4,47,-0.9986534,-0.43911019,0.13688084269335282,-0.9395862910638298,-0.9395862910638298,-0.99072156
1,5,53,-0.99945444,-0.87500058,0.027187930974587358,-0.9797758769811321,-0.9797758769811321,-0.99040744
1,6,50,-0.99868915,0.057095425,0.2856527841768851,-0.826061401628,-0.826061401628,-0.98643228
3,1,58,-0.48529921,-0.30104259,0.04294682958517994,-0.38741199431034484,-0.38741199431034484,-0.38059687
3,2,59,-0.53297738,-0.23291202,0.0646867377672076,-0.36975460406779664,-0.36975460406779664,-0.36882095
3,3,49,-0.5391391,-0.062816826,0.09993125234399741,-0.36224024548979594,-0.36224024548979594,-0.36335291
3,4,52,-0.99238299,0.36411428,0.22120540189393711,-0.8751101753846153,-0.8751101753846153,-0.969447045
3,5,61,-0.99631596,-0.33432521,0.1232534624143961,-0.9114190150819672,-0.9114190150819672,-0.95605255
3,6,62,-0.99723936,-0.68446013,0.05221897388517222,-0.9636910348387095,-0.9636910348387095,-0.983999005
5,1,56,-0.56253556,-0.31817123,0.056581668209173486,-0.45702143624999997,-0.45702143624999997,-0.454505365
5,2,47,-0.46926354,-0.037101273,0.07333389839633597,-0.30893897878723403,-0.30893897878723403,-0.3124165
5,3,47,-0.44779807,-0.11426012,0.066710027443938,-0.32589143531914894,-0.32589143531914894,-0.33190674
5,4,44,-0.99430282,-0.63043491,0.08310576615458862,-0.9260947402272727,-0.9260947402272727,-0.95917301
5,5,56,-0.99678099,-0.44603754,0.14752804125892835,-0.8693273217857144,-0.8693273217857144,-0.92831683
5,6,52,-0.99390731,-0.83679202,0.03443407508161591,-0.9685625163461539,-0.9685625163461539,-0.9797939099999999
6,1,57,-0.64270148,-0.3089677,0.09718898634847904,-0.5043242071929824,-0.5043242071929824,-0.50979033
6,2,51,-0.58958186,-0.0028625917,0.13208491916658077,-0.3535195148960784,-0.3535195148960784,-0.38397774
6,3,48,-0.64115303,0.1602078,0.22617414892769985,-0.32020423252041663,-0.32020423252041663,-0.39188255
6,4,55,-0.99482959,-0.6894067,0.06418195624124157,-0.9257970970909088,-0.9257970970909088,-0.94558059
6,5,57,-0.98920277,-0.68553556,0.07049123674731295,-0.9256923719298247,-0.9256923719298247,-0.95556338
6,6,57,-0.98970883,-0.30853842,0.11075076107434793,-0.9252161003508772,-0.9252161003508772,-0.96059013
7,1,57,-0.20037814,0.45872112,0.12980592461199908,0.15963128326140347,0.15963128326140347,0.14363687
7,2,51,-0.28739833,0.13262399,0.10237348457406797,-0.1456650256392157,-0.1456650256392157,-0.18094457
7,3,47,-0.4925079,0.43080176,0.2342418027135221,-0.06364024477553192,-0.06364024477553192,-0.10609719
7,4,48,-0.99028929,0.11816834,0.23362973399468878,-0.8565329414375,-0.8565329414375,-0.954094675
7,5,53,-0.98412197,-0.55463379,0.08933581619129961,-0.9170641684905662,-0.9170641684905662,-0.94438145
7,6,52,-0.9933372,-0.45098986,0.09166383622143008,-0.9529783659615384,-0.9529783659615384,-0.979150485
8,1,48,-0.47919532,0.23877384,0.24830138770125804,-0.1420885318125,-0.1420885318125,-0.0613632775
8,2,41,-0.095914379,0.42209103,0.1260228150937515,0.1211872787902439,0.1211872787902439,0.13519511
8,3,38,-0.13332403,0.46166844,0.14085954345324364,0.1337170395,0.1337170395,0.12010037
8,4,46,-0.99423058,-0.25699602,0.12203491596267094,-0.9395530302173911,-0.9395530302173911,-0.97953258
8,5,54,-0.99873542,0.29767462,0.193245893492349,-0.9260652551851852,-0.9260652551851852,-0.98077321
8,6,54,-0.9968215,-0.079559048,0.15916088446960944,-0.9324914544074075,-0.9324914544074075,-0.985262235
11,1,59,-0.59825066,-0.41728381,0.04238735645691525,-0.5306263113559322,-0.5306263113559322,-0.54695202
11,2,54,-0.33141495,-0.090094496,0.0544915015263838,-0.20336939918518523,-0.20336939918518523,-0.20145964
11,3,46,-0.47569674,-0.17799409,0.06965356883825803,-0.32402693804347826,-0.32402693804347826,-0.335260735
11,4,53,-0.99598904,-0.76704294,0.04333242736135072,-0.9683701818867924,-0.9683701818867924,-0.98313287
11,5,47,-0.99691461,-0.95868614,0.00988448898106861,-0.9863827127659577,-0.9863827127659577,-0.98960777
11,6,57,-0.99657434,-0.76157608,0.042846241196213504,-0.9713111768421052,-0.9713111768421052,-0.98942017
14,1,59,-0.12190702,0.26070258,0.08998115335900299,0.0518841040022034,0.0518841040022034,0.042685324
14,2,54,0.35370594,1.0,0.13651717207651987,0.6090178790740741,0.6090178790740741,0.5967850100000001
14,3,45,0.03448584,0.9313081,0.21910858467212377,0.4515760751111112,0.4515760751111112,0.4301827
14,4,54,-0.99324063,-0.11258561,0.12915974009901643,-0.9227748357407406,-0.9227748357407406,-0.9654008000000001
14,5,60,-0.98707838,-0.43319982,0.0911385537035458,-0.9222763114999999,-0.9222763114999999,-0.958103835
14,6,51,-0.99125716,0.35953802,0.23360548924303795,-0.9003319216862744,-0.9003319216862744,-0.9571906
15,1,54,-0.66565862,-0.31538073,0.09348771945605976,-0.5189326348148148,-0.5189326348148148,-0.50716276
15,2,48,-0.63731206,0.019598701,0.1744289191129687,-0.3797174881041667,-0.3797174881041667,-0.43260618500000003
15,3,42,-0.37139904,-0.14837294,0.05192519922057267,-0.28198218166666666,-0.28198218166666666,-0.27952583
15,4,59,-0.99595591,-0.25327279,0.10320970077231423,-0.9493380250847456,-0.9493380250847456,-0.98109882
15,5,53,-0.99662905,-0.62186752,0.07334001831718907,-0.9516702579245282,-0.9516702579245282,-0.98218363
15,6,72,-0.99780141,-0.40301876,0.12171251351715717,-0.9295868352777779,-0.9295868352777779,-0.9750935949999999
16,1,51,-0.38713017,-0.034937553,0.06721049465494464,-0.1597997902352941,-0.1597997902352941,-0.16055661
16,2,51,-0.26908197,0.14996258,0.10258554672004351,-0.12928382572156863,-0.12928382572156863,-0.14574355
16,3,47,-0.27014805,0.27544974,0.1296138813315512,0.011435394478723404,0.011435394478723404,0.023372467
16,4,69,-0.99652969,-0.16145257,0.14565364260184438,-0.9396722471014494,-0.9396722471014494,-0.98358673
16,5,78,-0.99595171,-0.42981933,0.07573815809453067,-0.9534689616666666,-0.9534689616666666,-0.98072528
16,6,70,-0.99767288,-0.56008986,0.05896538286569334,-0.9654902762857144,-0.9654902762857144,-0.979188095
17,1,61,-0.39464168,-0.14669303,0.07115901215525391,-0.26582448918032786,-0.26582448918032786,-0.25149426
17,2,48,-0.44720735,0.035718897,0.16417457786817913,-0.23022095423958333,-0.23022095423958333,-0.23697136
17,3,46,-0.52781117,0.18065771,0.21532862569162023,-0.23106415661521734,-0.23106415661521734,-0.26927348
17,4,64,-0.99628147,-0.57931022,0.0641823140759291,-0.96572919578125,-0.96572919578125,-0.984645295
17,5,78,-0.99739619,-0.56894867,0.05372361333870022,-0.9704626792307692,-0.9704626792307692,-0.98387788
17,6,71,-0.99328898,-0.66567943,0.058224069697493164,-0.9534767001408452,-0.9534767001408452,-0.97398018
19,1,52,-0.46141353,0.18607321,0.16835643456885546,-0.13947794235,-0.13947794235,-0.172310985
19,2,40,-0.45760724,0.12312102,0.16380857429197745,-0.19046855045749997,-0.19046855045749997,-0.205031585
19,3,39,-0.38079997,0.73013334,0.32311202056979094,0.04932245102564102,0.04932245102564102,-0.12544528
19,4,73,-0.99574445,-0.66240797,0.05583577504304837,-0.9519296150684929,-0.9519296150684929,-0.96736981
19,5,73,-0.99509436,-0.7486514,0.046527058814831344,-0.9525996539726027,-0.9525996539726027,-0.97505522
19,6,83,-0.99611598,-0.89515776,0.014744837523007412,-0.9846728372289156,-0.9846728372289156,-0.98851441
21,1,52,-0.30370128,-0.033972271,0.06756494127709729,-0.16868872575,-0.16868872575,-0.164151775
21,2,47,-0.33433338,-0.068244635,0.06632325938116167,-0.21970792857446803,-0.21970792857446803,-0.21105355
21,3,45,-0.41920451,0.12454551,0.11878168060668395,-0.07178935586666665,-0.07178935586666665,-0.063305483
21,4,85,-0.99347623,-0.41792041,0.07268354872641393,-0.959567861764706,-0.959567861764706,-0.98187317
21,5,89,-0.99436719,-0.49572441,0.07185853998906747,-0.9461234070786518,-0.9461234070786518,-0.97132733
21,6,90,-0.99370688,-0.25046695,0.10251186166381489,-0.9456537877777779,-0.9456537877777779,-0.96798828
22,1,46,-0.31439359,-0.056056485,0.05934676283696588,-0.21335196880434784,-0.21335196880434784,-0.22012038
22,2,42,-0.26017299,0.043049886,0.07481841798101914,-0.10961321634523809,-0.10961321634523809,-0.10224456500000001
22,3,36,-0.48699852,-0.13063802,0.07996001784398638,-0.3257227180555556,-0.3257227180555556,-0.32763766
22,4,62,-0.9977408,-0.35238957,0.10929757354005137,-0.9175648538709678,-0.9175648538709678,-0.94773496
22,5,63,-0.99218475,-0.7823566,0.05120596601366662,-0.9422016552380954,-0.9422016552380954,-0.95911082
22,6,72,-0.99698592,-0.4560953,0.10876494645751816,-0.9429458079166666,-0.9429458079166666,-0.983539615
23,1,59,-0.051939093,0.42627579,0.10519946098846476,0.16422068538305082,0.16422068538305082,0.1633969
23,2,51,-0.076679378,0.36013272,0.08974915125346444,0.1008011893509804,0.1008011893509804,0.083211666
23,3,54,-0.14148328,0.66690912,0.13742550162653255,0.22989874294444443,0.22989874294444443,0.22564054
23,4,68,-1.0,-0.075925492,0.16563214575128948,-0.9055843903235294,-0.9055843903235294,-0.9650950300000001
23,5,68,-0.98718269,-0.6594888,0.06478217151603084,-0.929409745147059,-0.929409745147059,-0.957397905
23,6,72,-0.99386525,-0.78013236,0.03816044841245146,-0.9732234954166665,-0.9732234954166665,-0.9818779799999999
25,1,74,-0.56833739,-0.23216736,0.05693290117378978,-0.4371334032432433,-0.4371334032432433,-0.43732753
25,2,65,-0.48703685,-0.12101274,0.08628841493999975,-0.2965239750769231,-0.2965239750769231,-0.28263814
25,3,58,-0.57232265,-0.29917371,0.058740351659702664,-0.45797238189655176,-0.45797238189655176,-0.47270670000000004
25,4,65,-0.9906425,-0.59214527,0.0550034614989673,-0.9651395521538462,-0.9651395521538462,-0.98101663
25,5,74,-0.99649904,-0.25492798,0.09240821496460956,-0.9646426881081083,-0.9646426881081083,-0.98476064
25,6,73,-0.99498922,0.27251155,0.3030042015093538,-0.7172620040136987,-0.7172620040136987,-0.81223883
26,1,59,-0.42135552,-0.2556719,0.03893137739039686,-0.3334865025423729,-0.3334865025423729,-0.33103289
26,2,55,-0.52235192,-0.11333889,0.05842431096054954,-0.40459693654545453,-0.40459693654545453,-0.4087737
26,3,50,-0.44813939,-0.083143703,0.08848618718146714,-0.284807676,-0.284807676,-0.29196862
26,4,78,-0.99856348,-0.26844864,0.10243642942847497,-0.9500044141025638,-0.9500044141025638,-0.9800538050000001
26,5,74,-0.99563308,-0.71486004,0.04698425356730415,-0.9629884013513514,-0.9629884013513514,-0.9811218399999999
26,6,76,-0.99677561,-0.81413924,0.030173287152231634,-0.9845000131578947,-0.9845000131578947,-0.991333695
27,1,57,-0.39468948,-0.22815024,0.038995024277539606,-0.2973182735087719,-0.2973182735087719,-0.29599544
27,2,51,-0.37852155,-0.061843978,0.07840190837526867,-0.23070787672549023,-0.23070787672549023,-0.23403759
27,3,44,-0.50126993,0.079629749,0.13457027792844944,-0.2400407833409091,-0.2400407833409091,-0.218058085
27,4,70,-0.9968082,-0.56264536,0.06965520066385555,-0.9658587351428571,-0.9658587351428571,-0.98103371
27,5,80,-0.99613176,-0.72953245,0.05538814864952978,-0.9624084448750001,-0.9624084448750001,-0.980350295
27,6,74,-0.99805327,-0.8573564,0.020476779928532286,-0.9866369960810811,-0.9866369960810811,-0.991661175
28,1,54,-0.42743133,-0.16393179,0.07170766745954062,-0.3009283959259259,-0.3009283959259259,-0.31363108
28,2,51,-0.45460835,-0.11538311,0.06877430095713101,-0.2859869137254901,-0.2859869137254901,-0.29029056
28,3,46,-0.53905652,-0.1059199,0.10904968119209474,-0.3410318115217391,-0.3410318115217391,-0.363806735
28,4,72,-0.984602,-0.69541446,0.06108563202443105,-0.9366672456944445,-0.9366672456944445,-0.95897036
28,5,79,-0.98814425,-0.66304466,0.08424802265774367,-0.9051238241772152,-0.9051238241772152,-0.93645007
28,6,80,-0.99546199,-0.58724361,0.06346339835504429,-0.9564503428750001,-0.9564503428750001,-0.977732625
29,1,53,-0.36624302,-0.023857568,0.059202795945826746,-0.24282803826415097,-0.24282803826415097,-0.24629493
29,2,49,-0.15148929,0.43439388,0.11857807749990301,0.09954435023469388,0.09954435023469388,0.076235577
29,3,48,-0.36948249,0.0031600578,0.08755813383297077,-0.22317799987916667,-0.22317799987916667,-0.22978553499999999
29,4,60,-0.99769196,-0.58776821,0.06552036517840434,-0.9680638781666666,-0.9680638781666666,-0.985187315
29,5,65,-0.99726851,-0.8980521,0.01649877948234634,-0.9802074889230769,-0.9802074889230769,-0.98527288
29,6,69,-0.99966678,-0.7984209,0.027972937391429583,-0.9872551498550725,-0.9872551498550725,-0.99349699
30,1,65,-0.23355619,0.054559247,0.06525836801228775,-0.1204767839076923,-0.1204767839076923,-0.13291168
30,2,65,-0.24593039,0.2745327,0.12545498648244993,0.02494680349661539,0.02494680349661539,0.059279994
30,3,62,-0.42621367,0.13081351,0.10569670060196738,-0.21727569029032262,-0.21727569029032262,-0.230833905
30,4,62,-0.99811933,-0.55352655,0.08644315665982692,-0.9506540412903227,-0.9506540412903227,-0.980558005
30,5,59,-0.99638617,-0.58356698,0.10307699728604414,-0.9128505969491526,-0.9128505969491526,-0.95183351
30,6,70,-0.99863097,-0.68788981,0.05309669530774488,-0.9670442364285715,-0.9670442364285715,-0.9826191049999999
